21.0611
20.179
20.622
19.2192
19.9327
18.641
21.0356
20.869
15.6366
20.7849
20.2503
17.1798
20.8878
19.9139
20.751
18.0381
19.7466
20.258
21.0029
19.7123
16.6059
18.9234
21.1667
20.7334
20.4873
20.671
21.0851
20.1684
20.5465
19.381
19.0764
17.2804
21.0183
19.1338
21.0547
20.4644
21.1628
20.5813
19.0085
21.2831
20.8711
19.2311
17.4652
20.3767
21.1823
21.1845
19.6878
20.8402
18.7449
17.3007
20.6382
18.719
20.1006
20.7381
19.1678
20.7172
20.3211
17.1585
21.4384
17.2703
20.8367
20.4645
21.5942
21.4853
16.8522
20.1759
20.9361
20.6301
19.349
17.4859
20.4776
19.6927
22.3587
22.3061
19.526
20.8291
20.8152
20.6523
21.9406
17.9066
19.3562
16.4185
15.5918
19.6209
21.0307
22.3698
18.8421
21.2215
17.4836
20.7686
20.2932
21.0831
21.1829
15.1246
20.5718
20.1023
21.0328
21.3229
15.1242
20.2504
20.3593
19.9801
20.2555
20.7676
19.448
18.8012
21.3655
16.3658
19.5412
21.0229
20.5486
18.762
21.0912
19.1555
20.4744
19.8901
18.0866
21.4007
21.3317
21.7638
21.7276
19.7152
20.3957
18.7995
20.6268
19.6789
20.2009
19.1992
20.2305
19.7757
20.6006
19.6828
18.7777
19.9636
21.0446
20.0718
21.1011
16.79
20.1268
19.2878
19.9017
20.6179
18.651
20.8903
20.1568
20.2773
21.061
19.4837
20.4624
19.7611
23.4057
16.5546
20.3398
18.0318
21.6382
20.9791
19.0171
17.3841
19.6008
21.2578
19.135
21.1818
20.9645
20.1895
18.8875
21.4049
20.778
20.6503
22.9141
18.9476
17.9105
20.8369
20.5971
18.9994
20.7823
19.3225
20.7331
22.5315
18.7597
21.8981
20.7645
16.261
17.6231
21.5939
19.1169
20.9248
20.4865
20.9675
19.0201
19.6238
19.125
21.0345
20.691
20.5855
19.9373
20.5333
18.866
18.2259
20.7417
20.907
21.1896
17.3964
19.7404
19.537
17.7601
20.2504
21.5894
17.5093
20.3048
20.9898
18.8737
18.1141
22.6601
20.9399
18.3647
21.5461
20.046
20.7556
21.1784
20.0126
20.3955
20.6203
19.5532
21.107
20.4883
21.0464
19.5724
20.3256
17.3125
20.9911
19.9801
17.2309
18.1655
20.4684
19.6967
21.537
19.2491
19.6523
19.3796
20.374
19.838
20.2678
20.4861
20.0902
21.1655
21.093
18.2362
18.695
21.1316
20.0383
18.5979
22.6525
21.3836
18.3428
17.2831
20.0445
19.7723
18.5659
20.089
18.8621
19.0009
21.2054
21.3767
21.0002
21.1634
21.0164
20.041
19.877
21.0916
20.6839
20.4033
19.6686
20.0788
21.2778
20.6305
20.7377
20.9448
19.586
20.4091
16.5946
20.5797
21.4227
17.3501
20.1709
20.4118
20.4109
19.9986
20.6667
20.3918
20.087
17.9406
20.0041
21.0388
16.5939
20.2474
19.3236
19.9784
15.3964
20.7504
20.407
20.957
20.5158
20.4626
19.5107
20.38
18.6247
20.5444
18.7653
17.7215
20.2345
21.4443
22.2649
20.1348
20.4837
18.14
20.5162
20.4386
20.4125
17.8878
15.8807
18.9626
20.3861
20.3421
20.8289
18.6541
21.4593
20.4649
20.0215
20.7169
21.7563
20.2414
16.5617
20.6857
20.3266
20.7864
20.8795
22.0002
20.8184
20.956
20.1104
21.4682
22.2231
21.7204
20.6197
20.5054
20.9226
16.001
21.2562
21.2853
17.6727
19.5954
21.448
20.958
21.3382
20.1456
17.9608
19.7503
20.8257
21.2064
20.0895
20.8604
20.514
22.0188
22.8119
19.0432
20.3933
20.859
20.8888
20.9881
21.774
21.6834
18.9455
21.3979
21.1399
20.8931
20.3854
21.3561
21.7675
21.0907
19.1744
19.3461
20.4563
18.1691
21.0483
21.7919
19.6893
19.4992
19.922
18.7729
22.0333
21.5149
20.416
20.8967
19.5407
20.9421
22.2978
20.9641
19.9599
19.0958
21.6545
17.5413
21.073
20.0327
21.1069
18.6117
17.2989
19.1726
20.3367
19.5234
17.7255
21.4892
20.8215
21.0782
16.4407
20.5292
19.5898
20.8293
19.2792
20.95
21.274
19.0784
18.5263
20.7985
21.8061
19.6848
19.9614
18.5457
21.0778
17.5416
20.883
20.0396
19.9411
18.6344
18.8113
20.7556
23.3542
20.3098
20.5932
19.0364
18.662
16.4507
20.2742
20.8526
22.1621
17.4859
17.8292
21.4196
20.2611
21.391
19.1556
19.3448
20.2485
19.898
20.4364
22.0214
20.6096
19.9538
20.2237
20.3157
17.8094
18.742
22.0208
20.9542
20.9321
16.2142
21.6297
20.397
20.7585
19.7707
17.0075
19.3743
17.1239
20.1598
19.7994
21.6379
20.9992
20.8134
19.7232
19.1556
18.9362
19.7535
20.3514
19.9389
20.5656
21.0284
19.3561
19.9741
18.653
19.7519
21.3033
18.5501
16.872
19.044
22.0428
20.5908
18.8145
20.7207
17.9981
19.5783
20.4738
19.9618
16.038
20.0764
14.793
21.0001
21.0253
20.9552
21.5607
18.8435
19.3587
20.7528
20.7344
18.5639
18.9906
16.1695
20.9819
20.4491
20.7418
20.9323
19.5302
19.8567
19.4062
20.1306
21.0039
16.3874
20.882
17.2671
20.776
20.9087
17.122
21.8292
22.1088
21.9883
19.4738
19.6753
21.4479
20.2781
19.8937
23.5048
20.6405
20.8983
19.0611
19.6309
17.2894
20.8255
20.5129
20.6727
21.5994
18.2794
16.1177
21.1196
21.5919
18.5138
21.3157
17.0799
20.8801
21.34
20.2632
17.8735
20.4348
19.8203
20.7162
20.7686
16.6326
20.4314
21.3303
20.2318
19.1627
19.4796
19.8033
21.2197
20.2035
19.8148
21.1545
20.6159
18.1346
18.6093
21.5663
17.1979
17.287
21.5625
21.1013
19.0764
20.9438
20.901
21.9413
18.6617
18.49
17.2801
20.8402
20.9042
21.1813
19.314
20.5998
19.7868
17.7923
20.4689
20.1716
21.2354
21.3124
15.9049
21.0096
20.455
19.1099
20.5899
20.412
21.4305
21.138
18.4801
21.0031
21.0265
20.2797
20.0702
16.9411
20.5477
16.5451
19.3002
20.5884
21.086
18.225
19.2642
20.6003
17.514
18.9767
18.0019
21.4377
18.9272
19.1055
20.0179
20.6623
20.0938
21.8387
20.3272
20.2497
20.8402
20.8471
15.2268
20.3992
20.074
18.7378
21.6693
16.7159
20.741
20.6589
21.4418
20.6767
22.057
20.6711
17.3016
20.7627
19.3142
20.739
19.4588
17.5494
20.5225
20.6351
21.1399
20.0325
18.4229
19.9416
18.867
21.6474
21.3994
18.153
20.3064
19.0092
22.3949
19.7965
20.1271
21.4883
18.5509
20.5375
19.465
20.7655
17.441
21.0089
20.0888
20.878
20.5375
20.7968
16.5617
20.5651
21.0678
21.8043
20.5286
20.6212
21.1444
17.9632
21.1272
20.4792
20.8196
20.653
20.678
18.2445
18.2818
21.1488
20.2605
16.9086
18.0318
20.9587
19.689
20.4864
20.8102
19.3809
20.8191
21.1121
20.6307
19.6049
19.3027
21.1751
20.68
20.2295
20.3193
19.844
20.4021
19.9634
21.1739
19.2288
20.5772
21.2369
20.7302
21.5763
20.9324
20.5452
21.1126
18.5548
19.9013
21.0783
20.6931
17.8059
20.5663
20.7465
18.4195
21.1993
20.0994
21.1173
19.7983
20.9465
17.0398
18.1384
21.458
19.5044
22.4042
18.7904
20.2173
21.1575
20.7513
20.7484
20.3709
20.9987
20.7114
20.3335
20.0397
20.5436
20.8487
20.2908
20.9638
22.9308
19.8755
21.366
19.7466
21.7264
21.5471
21.203
20.4998
20.4491
21.6473
20.5553
17.0769
21.5515
18.5275
21.0148
20.965
20.8262
19.4989
16.5419
21.218
20.7884
21.3197
20.7937
17.3031
19.3365
19.3958
20.4445
21.3415
21.4176
20.091
21.1076
20.8737
21.0556
19.9105
17.3597
21.8536
21.419
21.1409
21.3096
20.2636
20.545
17.1295
16.8654
21.0641
18.8319
16.3997
17.9652
20.4506
20.5475
21.0751
20.5301
22.1757
21.4461
21.7474
20.1382
20.3319
20.8682
17.6191
20.2416
20.112
20.6858
19.1506
20.954
20.2508
21.5108
19.8606
19.9145
19.8109
21.3292
21.0462
20.4397
20.5926
21.0651
21.9207
20.6777
20.4719
20.6346
20.9143
20.152
20.5557
20.0867
19.7829
19.0691
18.8646
21.4025
19.5046
21.0423
15.1686
20.7502
17.3751
20.8962
17.9447
20.0904
21.1289
17.5924
17.9247
21.7195
22.6793
20.5567
21.1868
17.5093
20.1514
20.2242
20.2387
19.9844
19.9421
20.7937
21.0939
20.6405
18.7851
20.748
21.005
17.2394
20.0437
16.5698
17.5327
20.5256
16.0304
19.2146
21.1568
20.8595
21.0239
21.4765
18.6115
18.9948
20.8447
18.7907
17.9965
20.5727
20.836
21.0579
17.7311
20.5732
19.5151
19.1443
20.4664
21.0214
19.5913
18.0736
21.2756
17.3016
21.6701
20.6363
20.0808
17.2887
20.9635
20.6016
17.561
20.1268
20.0133
21.13
21.8891
22.0957
20.7811
20.2662
20.8654
21.0991
20.8709
21.6075
19.1099
20.224
20.524
20.814
19.7983
19.4935
16.4399
20.8837
20.3225
18.7349
19.9975
20.2063
21.9309
21.2475
20.483
17.2886
20.8062
20.8332
21.5522
17.9437
14.793
19.3641
21.8245
18.1279
15.0564
20.238
21.1058
20.6079
20.6794
15.0504
16.5617
20.8917
15.9698
17.4445
21.5868
19.9843
20.1913
17.6218
20.691
20.246
20.0404
21.4998
20.7858
20.4812
20.8155
21.2461
18.0939
17.7801
20.6648
19.1975
20.4562
19.4349
20.6162
20.7078
20.2406
20.9066
18.7296
21.0753
20.6929
15.1585
18.7568
21.6876
20.2647
19.5852
22.0598
21.7609
21.5628
20.8561
17.5977
19.6841
20.7144
21.3045
15.1436
20.8915
20.7025
20.2789
20.7193
21.8514
19.207
18.6168
20.1794
20.2295
20.2599
17.1692
