7.95152
6.5095
9.97553
10.6429
9.93248
10.5448
9.92492
7.93033
7.39566
9.46057
10.1703
8.25506
7.39566
9.86525
8.39629
9.71355
6.5095
7.94231
6.35075
10.0421
9.0249
10.7097
9.34894
10.7969
10.4402
9.88604
6.70206
7.75193
7.39566
9.45154
8.64132
7.27355
10.6681
7.55746
7.94231
6.70206
8.64132
7.79959
9.891
8.49428
10.3249
9.59776
9.26019
9.38379
9.65246
5.98566
8.42859
9.77532
10.8967
9.87755
8.64272
7.79959
6.35075
5.98566
7.14766
11.6889
10.0916
9.84652
9.84016
9.81217
9.20274
9.85943
9.8254
10.0354
6.5095
6.70206
9.66878
9.78009
9.67212
8.85122
6.72232
9.49241
8.82086
9.52464
9.60951
6.70206
6.64943
9.59776
10.0949
8.56223
8.00988
9.38379
6.5095
9.75441
8.23467
8.42859
9.92467
10.7209
9.66215
9.52464
7.0439
9.47202
9.80958
5.97788
7.08427
6.99645
8.25033
10.5506
10.4402
5.97788
8.12071
9.16546
9.53461
7.84081
9.15241
9.8869
7.74804
6.64943
9.49241
9.98977
8.40027
7.93033
6.64943
5.97788
10.4119
8.25506
10.4345
10.4402
7.93033
6.35075
10.7667
9.55621
9.56485
9.99421
7.14766
8.24371
9.72455
10.0627
10.1754
9.64135
10.1847
10.0725
8.70303
9.77521
9.6627
9.83356
7.27355
9.66878
7.14766
7.94231
7.94231
9.5339
6.79131
8.73494
10.1086
9.73154
7.83272
10.3269
7.08427
9.41423
9.56485
9.50019
7.14766
10.2582
9.99421
9.53461
7.0439
9.80504
7.14766
7.74804
8.49382
9.14494
8.33078
6.70206
9.50019
5.97788
9.66085
9.38809
8.00988
8.00988
6.35075
8.81228
7.14766
8.56223
10.7528
9.86524
9.80112
9.57921
7.94231
6.99645
9.08161
9.66878
10.1507
8.23467
10.1086
7.77214
5.69397
9.84389
9.15692
9.56639
9.44164
9.91151
6.70206
7.55746
9.80406
5.98566
7.27355
8.25506
10.6182
9.45818
10.1294
7.27355
9.92467
7.27355
5.98566
7.63322
9.32189
10.4113
9.85943
6.79131
9.59776
9.05679
7.94231
10.4564
7.84081
10.0872
8.73494
9.89682
9.80504
8.40027
9.49241
6.70206
6.35075
7.0439
10.2509
10.2494
9.36952
9.80406
8.72869
9.84026
10.0916
9.86525
9.77904
9.49241
7.79959
9.49888
10.2582
7.55746
9.60951
7.14766
6.35075
6.64943
8.73366
10.4516
9.78077
7.83238
9.59351
8.8982
9.92016
7.0439
6.85585
10.5716
9.60951
10.2507
10.1086
7.27355
10.2515
10.7344
6.70206
8.56223
8.33078
10.8038
9.60138
9.87755
10.0872
7.71367
8.78061
9.52464
9.44663
8.64413
7.14766
5.97788
10.0074
10.0585
7.84081
6.79131
8.00988
6.5095
7.79959
10.1585
10.1694
5.98566
9.80406
9.9396
8.82086
9.08161
7.14766
8.82086
9.50118
9.49888
9.38379
9.63558
10.0686
8.42859
7.14766
6.79131
7.0439
6.5095
10.2676
9.30367
11.068
5.98566
9.37718
10.2167
5.69397
9.29153
9.92796
9.99203
9.56879
9.96777
7.59031
10.0747
8.49382
9.38809
5.98566
9.08161
7.71367
7.84081
8.39629
9.04021
8.39629
7.79959
9.08161
7.0439
8.25506
9.64656
7.94231
10.465
7.94231
9.52464
10.0725
8.64413
6.64943
8.57603
7.84081
9.8869
7.93033
5.98566
10.1294
6.79131
7.74804
9.56485
7.14766
5.97788
7.39566
6.79131
9.60951
9.30978
9.72455
9.92796
8.56223
9.80504
9.56278
7.14766
9.84389
10.6548
11.0143
7.27355
9.56024
9.40671
10.3269
7.14766
10.0608
9.42014
10.1849
9.93248
8.30402
9.91581
5.97788
9.38379
9.52464
9.83356
9.15692
10.3804
10.1281
8.49382
5.98566
7.27355
7.71367
9.65707
7.84081
7.27355
7.14766
6.64943
8.73494
8.39629
9.80112
5.98566
8.57603
7.94231
9.80504
7.14766
10.2289
8.82086
8.86309
10.2582
6.64943
7.93033
9.86524
9.93248
7.79959
10.2289
7.80067
9.64656
9.8869
7.71367
8.42859
8.93686
9.59727
7.94231
10.0725
7.27355
10.3955
8.93686
7.79959
9.78734
9.78009
8.30809
10.5537
10.0012
9.80504
9.53253
9.55621
10.2582
9.5071
9.92016
10.0686
9.92467
10.0686
10.1086
5.69397
10.1754
5.97788
10.4221
7.79959
6.5095
6.64943
9.89892
10.1086
7.84081
8.97075
7.14766
6.70206
6.35075
7.14766
7.39566
7.74804
9.38809
9.54816
8.62348
9.77613
9.72455
10.3269
9.891
6.64943
10.4402
9.84026
10.397
8.21799
9.3655
10.4906
10.5506
9.56278
9.87755
8.39629
7.55746
7.08427
7.75193
10.8275
5.98566
6.35075
9.42014
9.93791
9.20274
10.3782
6.5095
7.50021
10.1086
9.77521
10.0139
7.71367
5.97788
9.47202
9.80504
7.14766
9.52168
10.165
10.3955
7.94231
10.0783
7.94231
10.3111
8.42859
10.537
10.3459
10.0942
6.64943
8.15807
8.56223
9.6572
10.1703
7.27355
8.73494
7.72548
5.97788
9.64656
8.33078
9.52168
7.72548
9.92467
9.64135
8.00988
7.55746
9.78734
9.71719
6.5095
7.79959
10.7126
6.70206
8.76923
9.32657
8.23467
10.4906
9.8192
9.72455
9.80504
10.3955
7.08427
6.35075
6.70206
5.98566
9.6572
6.5095
7.77214
7.39566
6.35075
9.49241
9.9396
5.69397
9.80504
6.5095
7.84081
9.97588
6.35075
5.98566
10.0471
10.8038
9.45154
7.79959
7.94231
9.92467
6.70206
7.93033
7.98036
7.59031
9.87536
7.0439
5.98566
9.80406
6.5095
7.14766
6.35075
7.80067
10.6681
9.84026
10.0336
8.42859
5.97788
9.77904
10.1281
9.47202
8.21799
9.35999
9.95339
10.1746
6.64943
9.35922
8.62348
10.4402
9.67772
6.70206
5.98566
9.87755
8.24828
9.25668
7.72548
10.0354
9.47202
10.397
9.95339
10.1277
9.92467
9.76323
9.49241
7.39566
9.45818
10.887
7.27355
10.0725
10.3244
9.50019
9.49241
8.15807
6.35075
8.81228
10.1849
6.5095
9.61269
9.56485
10.7969
9.99421
9.38809
7.71367
8.25506
10.0027
9.53822
8.39629
10.4322
10.0139
7.74804
8.30809
10.5166
6.79131
9.891
6.70206
9.52464
9.4776
9.08161
9.35999
8.34062
8.52587
10.4906
8.69495
5.97788
7.94231
8.12071
9.80504
9.47845
7.39566
5.69397
8.40027
8.33078
9.5071
9.84016
7.0439
7.94231
9.62429
10.3269
8.73494
9.60138
7.27355
9.84389
10.7209
7.27355
8.70303
5.97788
5.98566
9.38158
9.71355
10.3503
7.93033
9.56639
8.49382
7.0439
9.57242
10.0872
10.0018
6.70206
9.87536
9.80504
9.8869
8.33078
8.34062
6.64943
8.73366
9.88604
7.93033
10.0783
8.72869
8.94313
7.94231
9.58759
6.70206
7.71367
10.4906
8.62348
7.74804
9.77521
6.79131
10.1468
5.98566
10.2857
10.3111
10.0608
9.77418
10.0949
8.8951
9.08161
5.98566
10.4119
9.78734
9.78886
7.14766
6.70206
9.19255
9.21775
9.5071
6.5095
7.14766
9.80277
7.79959
7.14766
6.64943
9.75441
6.79131
9.9019
6.64943
9.85955
10.2676
10.0074
6.64943
7.55746
10.0608
9.80958
9.84858
7.93033
10.0018
10.397
9.29082
5.69397
9.67374
9.80406
7.83272
9.52464
9.21775
9.92492
7.08427
10.2091
9.017
6.64943
7.80067
7.27355
8.3652
9.72455
10.3961
10.4381
9.92467
8.42859
7.93033
9.61269
9.72455
9.66878
9.84026
9.38379
11.0276
10.4257
9.72455
9.52168
10.0872
9.81217
9.29082
7.71367
10.5166
8.82086
10.1086
10.0725
9.98977
10.0471
8.62348
7.55746
7.79959
10.1754
10.4516
10.2676
9.8192
9.08161
6.70206
8.15807
10.0979
10.7209
11.7153
10.0916
9.30995
10.1294
9.60624
7.79959
10.0889
9.35999
9.10495
9.60951
9.98977
9.97588
5.98566
9.96435
9.35431
9.85943
9.78009
9.65707
9.08161
8.41285
7.84081
7.84081
7.75193
8.25506
9.56639
9.80112
9.57242
7.0439
10.4516
6.70206
6.5095
10.1694
9.7831
7.94231
9.72571
5.98566
7.84081
6.5095
9.99203
9.97553
6.85585
10.2509
10.6429
9.80504
7.71367
10.0686
10.0278
6.85585
5.97788
9.92016
8.99893
6.64943
9.71719
10.1086
9.83356
9.34894
10.1281
6.5095
9.44663
9.84026
9.66878
5.98566
6.70206
9.98977
9.96603
6.35075
8.33078
8.25033
8.52587
8.57603
9.72943
6.35075
10.321
6.79131
9.8869
9.08161
9.66215
10.0018
9.56024
7.93033
7.80067
6.99645
10.2582
10.3503
9.97588
7.71367
5.98566
10.6267
9.891
9.56639
9.29082
10.0949
7.14766
10.1567
5.97788
8.25506
6.35075
7.27355
8.23467
6.64943
9.77521
9.47845
7.08427
8.82086
9.80112
9.56024
9.67374
9.98318
10.3269
10.0872
9.90435
6.70206
7.63322
7.71367
7.71367
9.72943
7.83238
7.55746
9.78009
9.45576
9.50019
9.52168
9.6572
6.35075
10.0783
8.56223
8.21799
5.97788
9.61394
9.65246
6.35075
9.71355
8.00988
7.55746
10.2857
10.3804
10.9821
9.73275
10.776
7.0439
9.8273
10.1281
5.97788
10.4906
6.99645
7.93033
5.98566
6.99645
10.5166
7.93033
6.64943
7.84081
10.7344
10.4257
8.80671
7.0439
8.49428
7.79959
10.0139
8.86309
10.4906
9.8273
9.64656
9.08161
7.94231
9.88604
9.92467
10.1746
6.70206
7.55746
5.69397
7.55746
8.3652
10.0608
9.79519
9.77521
7.14766
10.5907
7.55746
7.94231
5.69397
10.1839
9.99203
9.76323
9.88604
8.15807
9.84016
8.30809
8.93876
8.96832
6.85585
9.49241
8.73494
7.0439
9.36857
9.56024
8.52587
9.60951
9.15692
6.35075
9.93248
7.80067
7.83143
7.71367
10.1507
7.93033
9.53253
8.90504
6.5095
10.53
9.891
10.0178
9.77418
10.0471
8.62348
6.99645
9.52464
10.1106
9.66878
8.73494
